R_lidar2cam0_unbias:
  data: [0.007533745, -0.9999714, -0.000616602,
         0.01480249,  0.0007280733, -0.9998902,
         0.9998621,   0.00752379,   0.01480755]

T_cam02cam2:
  data: [9.999239e-01, 9.837760e-03, -7.445048e-03,2.573699e-16,
                 -9.869795e-03, 9.999421e-01, -4.278459e-03,-1.059758e-16,
                  7.402527e-03, 4.351614e-03, 9.999631e-01,1.614870e-16,
                 0,0, 0,1]

t03: -0.004069766 # -0.15407 #-0.004069766   -0.0640698 -0.19407
t13: -0.07631618 # -0.0963162  #-0.07631618  -0.156316 -0.176316
t23: -0.2717806 # -0.311781   #-0.2717806 -0.311781 -0.371781

fx: 721.5377
fy: 721.5377
cx: 609.5593
cy: 172.854


# 你咋知道x是正前方呢？
x_max: 300.0
x_min: 5 #-1 # 1
y_min: -40
y_max: 40
z_min: -2.5
z_max: 5

rings: 64
lowerBound: -24.9
upperBound: 2.0   
dis_threshold: 12 #3 the bigger the more points 60 90
extract_pc_edges:
  nearest_num: 30
  edge_dis_th: 1.0
  planarity_th: 1.0
  ep_dis_th: 0.4
  neighbor_num: 5
  NMS_dis: 0.2
  show_all: false
  method: 6
  add_edge: false
  shuzhi_dis_th: 0.6
  angle_pixel_dis: 3


result_path: results/result.txt
point_cloud_path: ./res/bin/0000000000.bin
image_path: ./res/semantic_imgs/0000000000.png

normalize_inside: 300
normalize_outside: 1000

search_loops: 100
search_scope: [-0.5, 0.5, 0.5, 0.5, 0.5, 0.5]
particle_num: 500

particle_space:
  dimension: 6
  lower_bound: [-0.5, -0.5, -0.5, -3.14, -3.14, -3.14]
  upper_bound: [0.5, 0.5, 0.5, 3.14, 3.14, 3.14]

particle_swarm:
  swarm_size: 100

move_mode:
  inertia_weight: 1
  personal_weight: 1
  social_weight: 1
  max_velocity: 0.3
  rebound_decay: 0.8
