The beginning of the PSO!!!!

The beginning of the PSO!!!!

The beginning of the PSO!!!!

Initial_T:
0.000234842   -0.999944  -0.0105635 -0.00279682
  0.0104496   0.0105654   -0.999889  -0.0751088
   0.999945 0.000124425   0.0104516   -0.272133
          0           0           0           1
Camera_param:
721.538       0 609.559
      0 721.538 172.854
      0       0       1
The beginning of the PSO!!!!

Initial_T:
0.000234842   -0.999944  -0.0105635 -0.00279682
  0.0104496   0.0105654   -0.999889  -0.0751088
   0.999945 0.000124425   0.0104516   -0.272133
          0           0           0           1
Camera_param:
721.538       0 609.559
      0 721.538 172.854
      0       0       1
The beginning of the PSO!!!!

Initial_T:
0.000234842   -0.999944  -0.0105635 -0.00279682
  0.0104496   0.0105654   -0.999889  -0.0751088
   0.999945 0.000124425   0.0104516   -0.272133
          0           0           0           1
Camera_param:
721.538       0 609.559
      0 721.538 172.854
      0       0       1
The beginning of the PSO!!!!

Initial_T:
0.000234842   -0.999944  -0.0105635 -0.00279682
  0.0104496   0.0105654   -0.999889  -0.0751088
   0.999945 0.000124425   0.0104516   -0.272133
          0           0           0           1
Camera_param:
721.538       0 609.559
      0 721.538 172.854
      0       0       1
The beginning of the PSO!!!!

Initial_T:
0.000234842   -0.999944  -0.0105635 -0.00279682
  0.0104496   0.0105654   -0.999889  -0.0751088
   0.999945 0.000124425   0.0104516   -0.272133
          0           0           0           1
Camera_param:
721.538       0 609.559
      0 721.538 172.854
      0       0       1
Initial_fitness:
0.733772
The beginning of the PSO!!!!

Initial_T:
0.000234842   -0.999944  -0.0105635 -0.00279682
  0.0104496   0.0105654   -0.999889  -0.0751088
   0.999945 0.000124425   0.0104516   -0.272133
          0           0           0           1
Camera_param:
721.538       0 609.559
      0 721.538 172.854
      0       0       1
Initial_fitness:
0.733772
The beginning of the PSO!!!!

Initial_T:
0.000234842   -0.999944  -0.0105635 -0.00279682
  0.0104496   0.0105654   -0.999889  -0.0751088
   0.999945 0.000124425   0.0104516   -0.272133
          0           0           0           1
Camera_param:
721.538       0 609.559
      0 721.538 172.854
      0       0       1
Initial_fitness:
0.733772
The beginning of the PSO!!!!

Initial_T:
0.000234842   -0.999944  -0.0105635 -0.00279682
  0.0104496   0.0105654   -0.999889  -0.0751088
   0.999945 0.000124425   0.0104516   -0.272133
          0           0           0           1
Camera_param:
721.538       0 609.559
      0 721.538 172.854
      0       0       1
Initial_fitness:
0.733772
The beginning of the PSO!!!!

Initial_T:
0.000234842   -0.999944  -0.0105635 -0.00279682
  0.0104496   0.0105654   -0.999889  -0.0751088
   0.999945 0.000124425   0.0104516   -0.272133
          0           0           0           1
Camera_param:
721.538       0 609.559
      0 721.538 172.854
      0       0       1
Initial_fitness:
0.733772
The beginning of the PSO!!!!

Initial_T:
0.000234842   -0.999944  -0.0105635 -0.00279682
  0.0104496   0.0105654   -0.999889  -0.0751088
   0.999945 0.000124425   0.0104516   -0.272133
          0           0           0           1
Camera_param:
721.538       0 609.559
      0 721.538 172.854
      0       0       1
Initial_fitness:
0.733772
The beginning of the PSO!!!!

Initial_T:
0.000234842   -0.999944  -0.0105635 -0.00279682
  0.0104496   0.0105654   -0.999889  -0.0751088
   0.999945 0.000124425   0.0104516   -0.272133
          0           0           0           1
Camera_param:
721.538       0 609.559
      0 721.538 172.854
      0       0       1
Initial_fitness:
0.745348
The beginning of the PSO!!!!

The beginning of the PSO!!!!

The beginning of the PSO!!!!

Initial_T:
0.000234842   -0.999944  -0.0105635 -0.00279682
  0.0104496   0.0105654   -0.999889  -0.0751088
   0.999945 0.000124425   0.0104516   -0.272133
          0           0           0           1
Camera_param:
721.538       0 609.559
      0 721.538 172.854
      0       0       1
Initial_fitness:
0.789442
The beginning of the PSO!!!!

Initial_T:
0.000234842   -0.999944  -0.0105635 -0.00279682
  0.0104496   0.0105654   -0.999889  -0.0751088
   0.999945 0.000124425   0.0104516   -0.272133
          0           0           0           1
Camera_param:
721.538       0 609.559
      0 721.538 172.854
      0       0       1
Initial_fitness:
0.789442
The beginning of the PSO!!!!

Initial_T:
0.000234842   -0.999944  -0.0105635 -0.00279682
  0.0104496   0.0105654   -0.999889  -0.0751088
   0.999945 0.000124425   0.0104516   -0.272133
          0           0           0           1
Camera_param:
721.538       0 609.559
      0 721.538 172.854
      0       0       1
Initial_fitness:
0.745348
The beginning of the PSO!!!!

Initial_T:
0.000234842   -0.999944  -0.0105635 -0.00279682
  0.0104496   0.0105654   -0.999889  -0.0751088
   0.999945 0.000124425   0.0104516   -0.272133
          0           0           0           1
Camera_param:
721.538       0 609.559
      0 721.538 172.854
      0       0       1
Initial_fitness:
0.745348
The beginning of the PSO!!!!

Initial_T:
0.000234842   -0.999944  -0.0105635 -0.00279682
  0.0104496   0.0105654   -0.999889  -0.0751088
   0.999945 0.000124425   0.0104516   -0.272133
          0           0           0           1
Camera_param:
721.538       0 609.559
      0 721.538 172.854
      0       0       1
Initial_fitness:
0.745348
The beginning of the PSO!!!!

Initial_T:
0.000234842   -0.999944  -0.0105635 -0.00279682
  0.0104496   0.0105654   -0.999889  -0.0751088
   0.999945 0.000124425   0.0104516   -0.272133
          0           0           0           1
Camera_param:
721.538       0 609.559
      0 721.538 172.854
      0       0       1
Initial_fitness:
0.745348
The beginning of the PSO!!!!

Initial_T:
0.000234842   -0.999944  -0.0105635 -0.00279682
  0.0104496   0.0105654   -0.999889  -0.0751088
   0.999945 0.000124425   0.0104516   -0.272133
          0           0           0           1
Camera_param:
721.538       0 609.559
      0 721.538 172.854
      0       0       1
Initial_fitness:
0.745348
The beginning of the PSO!!!!

Initial_T:
0.000234842   -0.999944  -0.0105635 -0.00279682
  0.0104496   0.0105654   -0.999889  -0.0751088
   0.999945 0.000124425   0.0104516   -0.272133
          0           0           0           1
Camera_param:
721.538       0 609.559
      0 721.538 172.854
      0       0       1
Initial_fitness:
0.745348
The beginning of the PSO!!!!

Initial_T:
0.000234842   -0.999944  -0.0105635 -0.00279682
  0.0104496   0.0105654   -0.999889  -0.0751088
   0.999945 0.000124425   0.0104516   -0.272133
          0           0           0           1
Camera_param:
721.538       0 609.559
      0 721.538 172.854
      0       0       1
Initial_fitness:
0.745348
The beginning of the PSO!!!!

Initial_T:
0.000234842   -0.999944  -0.0105635 -0.00279682
  0.0104496   0.0105654   -0.999889  -0.0751088
   0.999945 0.000124425   0.0104516   -0.272133
          0           0           0           1
Camera_param:
721.538       0 609.559
      0 721.538 172.854
      0       0       1
Initial_fitness:
0.745348
The beginning of the PSO!!!!

Initial_T:
0.000234842   -0.999944  -0.0105635 -0.00279682
  0.0104496   0.0105654   -0.999889  -0.0751088
   0.999945 0.000124425   0.0104516   -0.272133
          0           0           0           1
Camera_param:
721.538       0 609.559
      0 721.538 172.854
      0       0       1
Initial_fitness:
0.745348
The beginning of the PSO!!!!

Initial_T:
0.000234842   -0.999944  -0.0105635 -0.00279682
  0.0104496   0.0105654   -0.999889  -0.0751088
   0.999945 0.000124425   0.0104516   -0.272133
          0           0           0           1
Camera_param:
721.538       0 609.559
      0 721.538 172.854
      0       0       1
Initial_fitness:
620.875
The beginning of the PSO!!!!

Initial_T:
0.000234842   -0.999944  -0.0105635 -0.00279682
  0.0104496   0.0105654   -0.999889  -0.0751088
   0.999945 0.000124425   0.0104516   -0.272133
          0           0           0           1
Camera_param:
721.538       0 609.559
      0 721.538 172.854
      0       0       1
Initial_fitness:
620.875
The beginning of the PSO!!!!

Initial_T:
0.000234842   -0.999944  -0.0105635 -0.00279682
  0.0104496   0.0105654   -0.999889  -0.0751088
   0.999945 0.000124425   0.0104516   -0.272133
          0           0           0           1
Camera_param:
721.538       0 609.559
      0 721.538 172.854
      0       0       1
Initial_fitness:
620.875
The beginning of the PSO!!!!

Initial_T:
0.000234842   -0.999944  -0.0105635 -0.00279682
  0.0104496   0.0105654   -0.999889  -0.0751088
   0.999945 0.000124425   0.0104516   -0.272133
          0           0           0           1
Camera_param:
721.538       0 609.559
      0 721.538 172.854
      0       0       1
Initial_fitness:
620.875
The beginning of the PSO!!!!

Initial_T:
0.000234842   -0.999944  -0.0105635 -0.00279682
  0.0104496   0.0105654   -0.999889  -0.0751088
   0.999945 0.000124425   0.0104516   -0.272133
          0           0           0           1
Camera_param:
721.538       0 609.559
      0 721.538 172.854
      0       0       1
Initial_fitness:
620.875
The beginning of the PSO!!!!

Initial_T:
0.000234842   -0.999944  -0.0105635 -0.00279682
  0.0104496   0.0105654   -0.999889  -0.0751088
   0.999945 0.000124425   0.0104516   -0.272133
          0           0           0           1
Camera_param:
721.538       0 609.559
      0 721.538 172.854
      0       0       1
Initial_fitness:
620.875
The beginning of the PSO!!!!

Initial_T:
0.000234842   -0.999944  -0.0105635 -0.00279682
  0.0104496   0.0105654   -0.999889  -0.0751088
   0.999945 0.000124425   0.0104516   -0.272133
          0           0           0           1
Camera_param:
721.538       0 609.559
      0 721.538 172.854
      0       0       1
Initial_fitness:
620.875
The beginning of the PSO!!!!

Initial_T:
0.000234842   -0.999944  -0.0105635 -0.00279682
  0.0104496   0.0105654   -0.999889  -0.0751088
   0.999945 0.000124425   0.0104516   -0.272133
          0           0           0           1
Camera_param:
721.538       0 609.559
      0 721.538 172.854
      0       0       1
Initial_fitness:
620.875
The beginning of the PSO!!!!

Initial_T:
0.000234842   -0.999944  -0.0105635 -0.00279682
  0.0104496   0.0105654   -0.999889  -0.0751088
   0.999945 0.000124425   0.0104516   -0.272133
          0           0           0           1
Camera_param:
721.538       0 609.559
      0 721.538 172.854
      0       0       1
Initial_fitness:
620.875
The beginning of the PSO!!!!

Initial_T:
0.000234842   -0.999944  -0.0105635 -0.00279682
  0.0104496   0.0105654   -0.999889  -0.0751088
   0.999945 0.000124425   0.0104516   -0.272133
          0           0           0           1
Camera_param:
721.538       0 609.559
      0 721.538 172.854
      0       0       1
Initial_fitness:
620.875
